代码:
memo = {}
def ackermann(m, n):
    if m == 0:
        return n+1
    if n == 0:
        return ackermann(m-1, 1)

    if (m, n) in memo:
        return memo[m, n]
    else:
        memo[m, n] = ackermann(m-1, ackermann(m, n-1))
        return memo[m, n]
print(ackermann(3, 2))
print(ackermann(3, 4))

结果：
{(1, 1): 3, (1, 2): 4, (1, 3): 5, (2, 1): 5, (1, 4): 6, (1, 5): 7, (2, 2): 7, (1, 6): 8, (1, 7): 9, (2, 3): 9, (1, 8): 10, (1, 9): 11, (2, 4): 11, (1, 10): 12, (1, 11): 13, (2, 5): 13, (3, 1): 13, (1, 12): 14, (1, 13): 15, (2, 6): 15, (1, 14): 16, (1, 15): 17, (2, 7): 17, (1, 16): 18, (1, 17): 19, (2, 8): 19, (1, 18): 20, (1, 19): 21, (2, 9): 21, (1, 20): 22, (1, 21): 23, (2, 10): 23, (1, 22): 24, (1, 23): 25, (2, 11): 25, (1, 24): 26, (1, 25): 27, (2, 12): 27, (1, 26): 28, (1, 27): 29, (2, 13): 29, (3, 2): 29, (1, 28): 30, (1, 29): 31, (2, 14): 31, (1, 30): 32, (1, 31): 33, (2, 15): 33, (1, 32): 34, (1, 33): 35, (2, 16): 35, (1, 34): 36, (1, 35): 37, (2, 17): 37, (1, 36): 38, (1, 37): 39, (2, 18): 39, (1, 38): 40, (1, 39): 41, (2, 19): 41, (1, 40): 42, (1, 41): 43, (2, 20): 43, (1, 42): 44, (1, 43): 45, (2, 21): 45, (1, 44): 46, (1, 45): 47, (2, 22): 47, (1, 46): 48, (1, 47): 49, (2, 23): 49, (1, 48): 50, (1, 49): 51, (2, 24): 51, (1, 50): 52, (1, 51): 53, (2, 25): 53, (1, 52): 54, (1, 53): 55, (2, 26): 55, (1, 54): 56, (1, 55): 57, (2, 27): 57, (1, 56): 58, (1, 57): 59, (2, 28): 59, (1, 58): 60, (1, 59): 61, (2, 29): 61, (3, 3): 61, (1, 60): 62, (1, 61): 63, (2, 30): 63, (1, 62): 64, (1, 63): 65, (2, 31): 65, (1, 64): 66, (1, 65): 67, (2, 32): 67, (1, 66): 68, (1, 67): 69, (2, 33): 69, (1, 68): 70, (1, 69): 71, (2, 34): 71, (1, 70): 72, (1, 71): 73, (2, 35): 73, (1, 72): 74, (1, 73): 75, (2, 36): 75, (1, 74): 76, (1, 75): 77, (2, 37): 77, (1, 76): 78, (1, 77): 79, (2, 38): 79, (1, 78): 80, (1, 79): 81, (2, 39): 81, (1, 80): 82, (1, 81): 83, (2, 40): 83, (1, 82): 84, (1, 83): 85, (2, 41): 85, (1, 84): 86, (1, 85): 87, (2, 42): 87, (1, 86): 88, (1, 87): 89, (2, 43): 89, (1, 88): 90, (1, 89): 91, (2, 44): 91, (1, 90): 92, (1, 91): 93, (2, 45): 93, (1, 92): 94, (1, 93): 95, (2, 46): 95, (1, 94): 96, (1, 95): 97, (2, 47): 97, (1, 96): 98, (1, 97): 99, (2, 48): 99, (1, 98): 100, (1, 99): 101, (2, 49): 101, (1, 100): 102, (1, 101): 103, (2, 50): 103, (1, 102): 104, (1, 103): 105, (2, 51): 105, (1, 104): 106, (1, 105): 107, (2, 52): 107, (1, 106): 108, (1, 107): 109, (2, 53): 109, (1, 108): 110, (1, 109): 111, (2, 54): 111, (1, 110): 112, (1, 111): 113, (2, 55): 113, (1, 112): 114, (1, 113): 115, (2, 56): 115, (1, 114): 116, (1, 115): 117, (2, 57): 117, (1, 116): 118, (1, 117): 119, (2, 58): 119, (1, 118): 120, (1, 119): 121, (2, 59): 121, (1, 120): 122, (1, 121): 123, (2, 60): 123, (1, 122): 124, (1, 123): 125, (2, 61): 125, (3, 4): 125}
{(1, 1): 3, (1, 2): 4, (1, 3): 5, (2, 1): 5, (1, 4): 6, (1, 5): 7, (2, 2): 7, (1, 6): 8, (1, 7): 9, (2, 3): 9, (1, 8): 10, (1, 9): 11, (2, 4): 11, (1, 10): 12, (1, 11): 13, (2, 5): 13, (3, 1): 13, (1, 12): 14, (1, 13): 15, (2, 6): 15, (1, 14): 16, (1, 15): 17, (2, 7): 17, (1, 16): 18, (1, 17): 19, (2, 8): 19, (1, 18): 20, (1, 19): 21, (2, 9): 21, (1, 20): 22, (1, 21): 23, (2, 10): 23, (1, 22): 24, (1, 23): 25, (2, 11): 25, (1, 24): 26, (1, 25): 27, (2, 12): 27, (1, 26): 28, (1, 27): 29, (2, 13): 29, (3, 2): 29, (1, 28): 30, (1, 29): 31, (2, 14): 31, (1, 30): 32, (1, 31): 33, (2, 15): 33, (1, 32): 34, (1, 33): 35, (2, 16): 35, (1, 34): 36, (1, 35): 37, (2, 17): 37, (1, 36): 38, (1, 37): 39, (2, 18): 39, (1, 38): 40, (1, 39): 41, (2, 19): 41, (1, 40): 42, (1, 41): 43, (2, 20): 43, (1, 42): 44, (1, 43): 45, (2, 21): 45, (1, 44): 46, (1, 45): 47, (2, 22): 47, (1, 46): 48, (1, 47): 49, (2, 23): 49, (1, 48): 50, (1, 49): 51, (2, 24): 51, (1, 50): 52, (1, 51): 53, (2, 25): 53, (1, 52): 54, (1, 53): 55, (2, 26): 55, (1, 54): 56, (1, 55): 57, (2, 27): 57, (1, 56): 58, (1, 57): 59, (2, 28): 59, (1, 58): 60, (1, 59): 61, (2, 29): 61, (3, 3): 61, (1, 60): 62, (1, 61): 63, (2, 30): 63, (1, 62): 64, (1, 63): 65, (2, 31): 65, (1, 64): 66, (1, 65): 67, (2, 32): 67, (1, 66): 68, (1, 67): 69, (2, 33): 69, (1, 68): 70, (1, 69): 71, (2, 34): 71, (1, 70): 72, (1, 71): 73, (2, 35): 73, (1, 72): 74, (1, 73): 75, (2, 36): 75, (1, 74): 76, (1, 75): 77, (2, 37): 77, (1, 76): 78, (1, 77): 79, (2, 38): 79, (1, 78): 80, (1, 79): 81, (2, 39): 81, (1, 80): 82, (1, 81): 83, (2, 40): 83, (1, 82): 84, (1, 83): 85, (2, 41): 85, (1, 84): 86, (1, 85): 87, (2, 42): 87, (1, 86): 88, (1, 87): 89, (2, 43): 89, (1, 88): 90, (1, 89): 91, (2, 44): 91, (1, 90): 92, (1, 91): 93, (2, 45): 93, (1, 92): 94, (1, 93): 95, (2, 46): 95, (1, 94): 96, (1, 95): 97, (2, 47): 97, (1, 96): 98, (1, 97): 99, (2, 48): 99, (1, 98): 100, (1, 99): 101, (2, 49): 101, (1, 100): 102, (1, 101): 103, (2, 50): 103, (1, 102): 104, (1, 103): 105, (2, 51): 105, (1, 104): 106, (1, 105): 107, (2, 52): 107, (1, 106): 108, (1, 107): 109, (2, 53): 109, (1, 108): 110, (1, 109): 111, (2, 54): 111, (1, 110): 112, (1, 111): 113, (2, 55): 113, (1, 112): 114, (1, 113): 115, (2, 56): 115, (1, 114): 116, (1, 115): 117, (2, 57): 117, (1, 116): 118, (1, 117): 119, (2, 58): 119, (1, 118): 120, (1, 119): 121, (2, 59): 121, (1, 120): 122, (1, 121): 123, (2, 60): 123, (1, 122): 124, (1, 123): 125, (2, 61): 125, (3, 4): 125}
{(1, 1): 3, (1, 2): 4, (1, 3): 5, (2, 1): 5, (1, 4): 6, (1, 5): 7, (2, 2): 7, (1, 6): 8, (1, 7): 9, (2, 3): 9, (1, 8): 10, (1, 9): 11, (2, 4): 11, (1, 10): 12, (1, 11): 13, (2, 5): 13, (3, 1): 13, (1, 12): 14, (1, 13): 15, (2, 6): 15, (1, 14): 16, (1, 15): 17, (2, 7): 17, (1, 16): 18, (1, 17): 19, (2, 8): 19, (1, 18): 20, (1, 19): 21, (2, 9): 21, (1, 20): 22, (1, 21): 23, (2, 10): 23, (1, 22): 24, (1, 23): 25, (2, 11): 25, (1, 24): 26, (1, 25): 27, (2, 12): 27, (1, 26): 28, (1, 27): 29, (2, 13): 29, (3, 2): 29, (1, 28): 30, (1, 29): 31, (2, 14): 31, (1, 30): 32, (1, 31): 33, (2, 15): 33, (1, 32): 34, (1, 33): 35, (2, 16): 35, (1, 34): 36, (1, 35): 37, (2, 17): 37, (1, 36): 38, (1, 37): 39, (2, 18): 39, (1, 38): 40, (1, 39): 41, (2, 19): 41, (1, 40): 42, (1, 41): 43, (2, 20): 43, (1, 42): 44, (1, 43): 45, (2, 21): 45, (1, 44): 46, (1, 45): 47, (2, 22): 47, (1, 46): 48, (1, 47): 49, (2, 23): 49, (1, 48): 50, (1, 49): 51, (2, 24): 51, (1, 50): 52, (1, 51): 53, (2, 25): 53, (1, 52): 54, (1, 53): 55, (2, 26): 55, (1, 54): 56, (1, 55): 57, (2, 27): 57, (1, 56): 58, (1, 57): 59, (2, 28): 59, (1, 58): 60, (1, 59): 61, (2, 29): 61, (3, 3): 61, (1, 60): 62, (1, 61): 63, (2, 30): 63, (1, 62): 64, (1, 63): 65, (2, 31): 65, (1, 64): 66, (1, 65): 67, (2, 32): 67, (1, 66): 68, (1, 67): 69, (2, 33): 69, (1, 68): 70, (1, 69): 71, (2, 34): 71, (1, 70): 72, (1, 71): 73, (2, 35): 73, (1, 72): 74, (1, 73): 75, (2, 36): 75, (1, 74): 76, (1, 75): 77, (2, 37): 77, (1, 76): 78, (1, 77): 79, (2, 38): 79, (1, 78): 80, (1, 79): 81, (2, 39): 81, (1, 80): 82, (1, 81): 83, (2, 40): 83, (1, 82): 84, (1, 83): 85, (2, 41): 85, (1, 84): 86, (1, 85): 87, (2, 42): 87, (1, 86): 88, (1, 87): 89, (2, 43): 89, (1, 88): 90, (1, 89): 91, (2, 44): 91, (1, 90): 92, (1, 91): 93, (2, 45): 93, (1, 92): 94, (1, 93): 95, (2, 46): 95, (1, 94): 96, (1, 95): 97, (2, 47): 97, (1, 96): 98, (1, 97): 99, (2, 48): 99, (1, 98): 100, (1, 99): 101, (2, 49): 101, (1, 100): 102, (1, 101): 103, (2, 50): 103, (1, 102): 104, (1, 103): 105, (2, 51): 105, (1, 104): 106, (1, 105): 107, (2, 52): 107, (1, 106): 108, (1, 107): 109, (2, 53): 109, (1, 108): 110, (1, 109): 111, (2, 54): 111, (1, 110): 112, (1, 111): 113, (2, 55): 113, (1, 112): 114, (1, 113): 115, (2, 56): 115, (1, 114): 116, (1, 115): 117, (2, 57): 117, (1, 116): 118, (1, 117): 119, (2, 58): 119, (1, 118): 120, (1, 119): 121, (2, 59): 121, (1, 120): 122, (1, 121): 123, (2, 60): 123, (1, 122): 124, (1, 123): 125, (2, 61): 125, (3, 4): 125}
{(1, 1): 3, (1, 2): 4, (1, 3): 5, (2, 1): 5, (1, 4): 6, (1, 5): 7, (2, 2): 7, (1, 6): 8, (1, 7): 9, (2, 3): 9, (1, 8): 10, (1, 9): 11, (2, 4): 11, (1, 10): 12, (1, 11): 13, (2, 5): 13, (3, 1): 13, (1, 12): 14, (1, 13): 15, (2, 6): 15, (1, 14): 16, (1, 15): 17, (2, 7): 17, (1, 16): 18, (1, 17): 19, (2, 8): 19, (1, 18): 20, (1, 19): 21, (2, 9): 21, (1, 20): 22, (1, 21): 23, (2, 10): 23, (1, 22): 24, (1, 23): 25, (2, 11): 25, (1, 24): 26, (1, 25): 27, (2, 12): 27, (1, 26): 28, (1, 27): 29, (2, 13): 29, (3, 2): 29, (1, 28): 30, (1, 29): 31, (2, 14): 31, (1, 30): 32, (1, 31): 33, (2, 15): 33, (1, 32): 34, (1, 33): 35, (2, 16): 35, (1, 34): 36, (1, 35): 37, (2, 17): 37, (1, 36): 38, (1, 37): 39, (2, 18): 39, (1, 38): 40, (1, 39): 41, (2, 19): 41, (1, 40): 42, (1, 41): 43, (2, 20): 43, (1, 42): 44, (1, 43): 45, (2, 21): 45, (1, 44): 46, (1, 45): 47, (2, 22): 47, (1, 46): 48, (1, 47): 49, (2, 23): 49, (1, 48): 50, (1, 49): 51, (2, 24): 51, (1, 50): 52, (1, 51): 53, (2, 25): 53, (1, 52): 54, (1, 53): 55, (2, 26): 55, (1, 54): 56, (1, 55): 57, (2, 27): 57, (1, 56): 58, (1, 57): 59, (2, 28): 59, (1, 58): 60, (1, 59): 61, (2, 29): 61, (3, 3): 61, (1, 60): 62, (1, 61): 63, (2, 30): 63, (1, 62): 64, (1, 63): 65, (2, 31): 65, (1, 64): 66, (1, 65): 67, (2, 32): 67, (1, 66): 68, (1, 67): 69, (2, 33): 69, (1, 68): 70, (1, 69): 71, (2, 34): 71, (1, 70): 72, (1, 71): 73, (2, 35): 73, (1, 72): 74, (1, 73): 75, (2, 36): 75, (1, 74): 76, (1, 75): 77, (2, 37): 77, (1, 76): 78, (1, 77): 79, (2, 38): 79, (1, 78): 80, (1, 79): 81, (2, 39): 81, (1, 80): 82, (1, 81): 83, (2, 40): 83, (1, 82): 84, (1, 83): 85, (2, 41): 85, (1, 84): 86, (1, 85): 87, (2, 42): 87, (1, 86): 88, (1, 87): 89, (2, 43): 89, (1, 88): 90, (1, 89): 91, (2, 44): 91, (1, 90): 92, (1, 91): 93, (2, 45): 93, (1, 92): 94, (1, 93): 95, (2, 46): 95, (1, 94): 96, (1, 95): 97, (2, 47): 97, (1, 96): 98, (1, 97): 99, (2, 48): 99, (1, 98): 100, (1, 99): 101, (2, 49): 101, (1, 100): 102, (1, 101): 103, (2, 50): 103, (1, 102): 104, (1, 103): 105, (2, 51): 105, (1, 104): 106, (1, 105): 107, (2, 52): 107, (1, 106): 108, (1, 107): 109, (2, 53): 109, (1, 108): 110, (1, 109): 111, (2, 54): 111, (1, 110): 112, (1, 111): 113, (2, 55): 113, (1, 112): 114, (1, 113): 115, (2, 56): 115, (1, 114): 116, (1, 115): 117, (2, 57): 117, (1, 116): 118, (1, 117): 119, (2, 58): 119, (1, 118): 120, (1, 119): 121, (2, 59): 121, (1, 120): 122, (1, 121): 123, (2, 60): 123, (1, 122): 124, (1, 123): 125, (2, 61): 125, (3, 4): 125}
29
125
